7751
1857
9753
6577
489
5027
2313
4233
8283
511
2537
81
3587
1915
745
2271
873
6541
7607
6245
5589
8991
7197
9861
4591
8013
147
7215
8573
4983
1439
4157
525
3079
9443
9033
5583
881
9257
6787
7171
581
9325
7907
8667
7903
2707
3985
791
8511
1631
6299
5635
7619
3553
2263
7811
2175
6703
4831
8973
9751
2991
365
2013
2783
7025
865
9789
6669
7693
3825
285
5113
5639
1861
6003
6827
9613
1785
3951
5933
5685
9775
8101
2385
1099
7137
6575
6873
151
3975
6779
8587
3849
1413
6917
8133
1331
7011
3839
1577
2225
9475
5969
1887
9953
5915
1911
2927
1957
8905
6053
8327
397
2235
3637
5161
9205
7799
553
463
7365
6113
5219
5097
7997
1831
8485
9227
9557
5021
4375
2331
9743
4285
7255
1027
5661
377
329
5971
1563
8571
2681
1597
2989
811
383
1133
3895
5725
6929
2725
9481
9973
8345
7087
8041
7281
393
9565
3613
6619
7157
9791
6843
691
1615
463
6343
8293
3295
8765
1517
9893
6159
1129
6105
2815
4353
4121
7497
7349
8777
7269
6615
7417
5111
5921
1245
4315
2501
2475
6607
5509
9077
2343
7991
4849
4643
4019
4123
3263
6139
5989
7863
7777
1053
6121
3449
5977
5909
9395
2407
2407
3267
8695
467
1901
191
5111
3343
1831
8587
9655
6821
3553
2299
4821
8893
8865
5247
2837
1763
7293
4821
585
4219
3279
8309
2565
5329
5135
4177
6369
5219
289
6643
7353
6153
1807
701
8079
9777
9517
4439
8305
767
1207
1401
2541
543
7491
643
5365
3929
8931
1499
4391
5745
1121
2973
3761
6989
6145
9393
9017
4315
1613
4149
3141
5555
8715
9371
6815
4875
1441
5185
2417
5377
2761
4585
1945
759
6393
3703
1459
63
6971
2217
7111
8273
1409
8181
4517
425
2723
8189
3017
2203
2381
745
1907
6565
5667
9621
861
4811
4469
6015
4487
3175
6767
2577
5021
4629
7387
4311
3567
6605
9835
5657
7583
8663
8805
3107
7457
2931
9795
3701
9841
5435
9803
4507
2175
9031
1923
6957
9701
357
7081
9769
1485
9875
7433
1211
631
6675
1283
1825
2903
7205
393
6487
5581
4831
3321
23
1847
1941
3405
2869
25
1089
2407
8589
1859
9085
559
369
6693
4997
607
4827
2937
3373
7877
2847
9251
9903
9077
4797
5107
1803
3077
3883
5595
3721
5883
7
1381
2609
6091
9531
9805
3761
3015
9011
231
6061
2275
5261
2239
2809
6855
9367
7991
2929
6641
8005
1157
3811
9545
4991
8773
2295
8321
8065
9821
7775
4449
523
6689
8959
4817
3825
2249
2729
771
6487
4909
4743
943
8291
5197
4675
633
1807
4239
4405
7321
2719
7941
5003
1287
4331
9867
3097
5889
2281
5695
6629
7451
1109
2143
8221
6893
8415
8223
349
1549
1527
5777
3597
7861
6255
4853
7255
5917
9441
6787
3295
1719
2445
2859
6607
819
7437
5275
877
4145
6435
1153
3139
1295
8763
9365
8551
5969
6497
3533
2777
423
9805
6251
5039
7963
1417
8579
545
8205
7419
2039
1453
4379
8399
5041
9101
513
8375
2715
8065
2445
3723
1271
1157
7925
9279
2987
4529
9129
7991
1325
2351
8019
1475
659
9109
8341
4327
1801
5863
3853
6331
7173
9353
5411
9971
7637
247
8673
3063
2161
2505
9355
2061
7205
261
8465
311
9619
5559
7829
4355
5499
5179
4449
6199
7817
2523
7291
7995
6277
2491
7325
103
8463
9811
4679
2391
6105
6561
3539
1363
5811
3115
2327
7563
5337
8319
9333
5821
7629
7649
143
4637
9097
729
2817
2323
4389
3785
7991
6303
4291
8853
6243
5803
9941
1043
6359
3057
8367
1165
8133
3865
1595
1369
1597
4745
7851
9577
1825
163
9689
8051
7783
5083
3117
5195
3525
6163
6031
5205
61
3743
8555
8985
2119
4141
2033
6201
6351
7987
4929
7081
4859
6197
8415
9129
9503
5635
5269
6385
2963
2107
8213
8233
5039
6493
5207
9829
6241
2073
3625
1565
8965
615
1527
2199
5271
7397
9063
5387
6715
271
181
921
7429
6565
2009
3703
9687
3997
265
909
4527
7809
7177
7191
6193
6909
539
3237
4227
605
1661
5101
6357
3261
8059
4973
9733
9391
8145
4871
509
9287
6089
1605
8941
3507
727
261
8953
6671
99
5039
7443
5715
295
5517
1787
8161
1621
791
4637
7153
2901
7155
2681
8743
409
5545
3187
3997
373
1309
4695
7061
2413
1671
8201
9599
663
69
1377
677
1247
5601
8713
5515
4741
8843
3495
1931
9647
3989
9777
7703
3695
3825
4625
4803
5719
9613
3467
8837
9487
1329
7167
9445
1891
8779
899
9435
5623
6169
8993
5097
565
9315
4701
2963
361
8035
6309
8865
1711
3069
1523
5357
4819
6049
5811
7795
5745
331
8151
763
4623
8927
4589
7795
2059
6399
1441
5995
3793
3425
5745
1713
7703
6197
9273
613
5037
229
3751
4357
9329
5017
4541
4347
6431
6245
2167
4393
7853
4413
199
2263
8387
5515
1827
1567
9341
185
1267
301
9103
7079
7505
861
1657
7065
2713
4595
7511
2855
7257
355
7383
8119
7243
4111
577
1717
5171
6365
6091
2683
9419
1191
6015
2511
1167
7745
9519
6803
3053
2421
4233
5159
2335
341
725
1227
1321
1935
9647
2807
549
4501
2173
2543
961
8023
309
3649
6971
5771
1889
2393
7403
2327
8201
1193
4511
2297
6841
9063
1769
3645
1357
2615
1427
3279
3875
947
7097
215
6089
1245
527
2063
1879
3325
3155
2471
161
2965
4301
9617
9077
821
5623
2399
7331
9971
1321
4155
2247
7105
9315
1221
2985
1057
5071
6543
7587
755
4403
8729
8671
8759
535
1535
3521
9137
2245
2011
6351
2563
3643
1807
3083
4059
3887
8749
8197
6669
6597
2945
8433
4213
2483
1427
6751
9979
3051
63
3179
3405
4641
5303
2679
9673
5913
7859
5241
9269
787
9845
3639
3217
2623
6157
9557
9517
1153
9969
6217
7253
3581
2275
8857
1517
7251
